learning evaluation instances,evaluation time (cpu seconds),model cost (RAM-Hours),classified instances,classifications correct (percent),Kappa Statistic (percent),Kappa Temporal Statistic (percent),Kappa M Statistic (percent),model training instances,model serialized size (bytes),ensemble size,[avg] model training instances,[err] model training instances,[avg] model serialized size (bytes),[err] model serialized size (bytes),[avg] tree size (nodes),[err] tree size (nodes),[avg] tree size (leaves),[err] tree size (leaves),[avg] active learning leaves,[err] active learning leaves,[avg] tree depth,[err] tree depth,[avg] active leaf byte size estimate,[err] active leaf byte size estimate,[avg] inactive leaf byte size estimate,[err] inactive leaf byte size estimate,[avg] byte size estimate overhead,[err] byte size estimate overhead
1000.0,0.061776863,2.2277237245440483E-9,1000.0,59.099999999999994,18.199999999999996,59.099999999999994,-Infinity,1000.0,139392.0,10.0,1008.1,12.148571017933664,4704.0,0.0,1.0,0.0,1.0,0.0,1.0,0.0,0.0,0.0,0.0,0.0,0.0,0.0,1.0,0.0
2000.0,0.121165498,5.750723402361489E-9,2000.0,64.8,29.600000000000005,64.8,29.600000000000005,2000.0,229304.0,10.0,1993.6,14.943746369486988,13515.2,8811.2,3.2,2.2,3.0,2.0,3.0,2.0,0.19999999999999998,0.19999999999999998,0.0,0.0,0.0,0.0,1.0,0.0
3000.0,0.216024913,2.0616979332800127E-8,3000.0,66.2,32.400000000000006,66.2,32.400000000000006,3000.0,605792.0,10.0,2985.8,20.467209547631708,50967.2,13728.583434895561,13.200000000000001,3.2721043178154736,11.6,3.134751452135666,11.6,3.134751452135666,1.6,0.1632993161855452,0.0,0.0,0.0,0.0,1.0,0.0
4000.0,0.3085114,4.13205200201066E-8,4000.0,59.3,18.599999999999994,59.3,18.599999999999994,4000.0,865304.0,10.0,3983.5000000000005,24.112352758608118,76901.6,10928.689228305875,19.6,2.6170381901854025,17.5,2.504440500834911,17.5,2.504440500834911,2.1,0.1795054935711501,0.0,0.0,0.0,0.0,1.0,0.0
5000.0,0.405096519,6.53910492347781E-8,5000.0,63.0,26.0,63.0,26.0,5000.0,963336.0,10.0,4983.3,21.814903162746333,86688.8,8219.424014423936,22.4,1.9787762772874442,19.799999999999997,1.8785337071473822,19.799999999999997,1.8785337071473822,2.3000000000000007,0.15275252316519464,0.0,0.0,0.0,0.0,1.0,0.0
6000.0,0.473020612,8.272380016349877E-8,6000.0,68.7,37.40000000000001,68.7,37.40000000000001,6000.0,986384.0,10.0,5975.299999999999,24.13943293083376,88865.59999999999,8482.109657914643,23.0,2.0869967789998034,20.1,1.923249564900221,20.1,1.923249564900221,2.3000000000000007,0.15275252316519464,0.0,0.0,0.0,0.0,1.0,0.0
7000.0,0.547966633,1.035783218500639E-7,7000.0,68.8,37.59999999999999,68.8,37.59999999999999,7000.0,1075608.0,10.0,6979.2,27.179567488996003,97742.4,1415.9064878099196,25.2,0.6289320754704403,22.1,0.31446603773522014,22.1,0.31446603773522014,2.5,0.22360679774997894,0.0,0.0,0.0,0.0,1.0,0.0
8000.0,0.616767802,1.2275002793076758E-7,8000.0,69.0,37.999999999999986,69.0,37.999999999999986,8000.0,1077128.0,10.0,7973.1,24.01316768404831,97894.4,1452.7356813956214,25.2,0.6289320754704403,22.1,0.31446603773522014,22.1,0.31446603773522014,2.5,0.22360679774997894,0.0,0.0,0.0,0.0,1.0,0.0
9000.0,0.685323094,1.4187350864175087E-7,9000.0,67.9,35.80000000000001,67.9,35.80000000000001,9000.0,1078272.0,10.0,8971.0,22.59744331654458,97975.2,1497.5741925601624,25.2,0.6289320754704403,22.1,0.31446603773522014,22.1,0.31446603773522014,2.5,0.22360679774997894,0.0,0.0,0.0,0.0,1.0,0.0
10000.0,0.747409212,1.591965267643974E-7,10000.0,70.1,40.19999999999999,70.1,40.19999999999999,10000.0,1078528.0,10.0,9980.100000000002,19.668615722628875,97984.0,1498.4137390364967,25.2,0.6289320754704403,22.1,0.31446603773522014,22.1,0.31446603773522014,2.5,0.22360679774997894,0.0,0.0,0.0,0.0,1.0,0.0
11000.0,0.812252241,1.77300979224787E-7,11000.0,70.1,40.19999999999999,70.1,40.19999999999999,11000.0,1079256.0,10.0,10964.699999999999,21.688220048885707,97989.6,1500.4260372751914,25.2,0.6289320754704403,22.1,0.31446603773522014,22.1,0.31446603773522014,2.5,0.22360679774997894,0.0,0.0,0.0,0.0,1.0,0.0
12000.0,0.882733584,1.9707434190876368E-7,12000.0,70.8,41.599999999999994,70.8,41.599999999999994,12000.0,1084448.0,10.0,11984.300000000001,27.08343076905552,98439.20000000001,1541.7768450719443,25.4,0.6531972647421809,22.200000000000003,0.3265986323710904,22.200000000000003,0.3265986323710904,2.5,0.22360679774997894,0.0,0.0,0.0,0.0,1.0,0.0
13000.0,0.952094872,2.16598217276521E-7,13000.0,70.8,41.599999999999994,70.8,41.599999999999994,13000.0,1088056.0,10.0,13001.7,28.469106062537286,98797.6,1670.8027824305827,25.599999999999998,0.7333333333333333,22.3,0.36666666666666664,22.3,0.36666666666666664,2.5999999999999996,0.26666666666666666,0.0,0.0,0.0,0.0,1.0,0.0
14000.0,1.033880463,2.397895757146614E-7,14000.0,70.5,40.99999999999999,70.5,40.99999999999999,14000.0,1096104.0,10.0,13995.0,27.943593978664314,99580.8,1943.6419240407656,26.0,0.8563488385776752,22.5,0.42817441928883754,22.5,0.42817441928883754,2.6999999999999997,0.2603416558635552,0.0,0.0,0.0,0.0,1.0,0.0
15000.0,1.101047103,2.5892325651724506E-7,15000.0,72.2,44.39999999999999,72.2,44.39999999999999,15000.0,1101152.0,10.0,15012.599999999999,27.014070407844876,100066.4,1956.3300062446854,26.199999999999996,0.8537498983243798,22.6,0.42687494916219,22.6,0.42687494916219,2.8,0.24944382578492943,0.0,0.0,0.0,0.0,1.0,0.0
16000.0,1.166827447,2.778017038282027E-7,16000.0,71.2,42.39999999999999,71.2,42.39999999999999,16000.0,1109360.0,10.0,16012.099999999999,27.349771479849753,100882.4,2115.6638422332912,26.6,0.9333333333333332,22.8,0.4666666666666666,22.8,0.4666666666666666,2.9,0.2333333333333333,0.0,0.0,0.0,0.0,1.0,0.0
17000.0,1.238923924,2.9848820665491944E-7,17000.0,73.2,46.4,73.2,46.4,17000.0,1109112.0,10.0,17019.6,26.032543735358473,100838.4,2382.836643815751,27.2,1.0934146311237816,23.1,0.5467073155618908,23.1,0.5467073155618908,3.2,0.3265986323710904,0.0,0.0,0.0,0.0,1.0,0.0
18000.0,1.326566236,3.2405170590716925E-7,18000.0,70.8,41.599999999999994,70.8,41.599999999999994,18000.0,1127480.0,10.0,18017.0,23.759442567348167,102668.0,2778.2201176692643,27.4,1.2220201853215573,23.2,0.6110100926607787,23.2,0.6110100926607787,3.2,0.3265986323710904,0.0,0.0,0.0,0.0,1.0,0.0
19000.0,1.395881268,3.4435787443406046E-7,19000.0,70.0,40.10924074488133,69.63562753036436,39.637826961770614,19000.0,1132408.0,10.0,19003.5,24.1832127265542,103158.4,2825.750996342978,27.6,1.2310790208412925,23.299999999999997,0.6155395104206463,23.299999999999997,0.6155395104206463,3.3000000000000003,0.334995854037363,0.0,0.0,0.0,0.0,1.0,0.0
20000.0,1.470919987,3.5898066476653425E-7,20000.0,65.3,30.552775887603573,53.6096256684492,18.16037735849058,20000.0,753264.0,10.0,12052.0,3256.0724364041885,66108.0,17105.60218044239,17.9,4.719816380609172,14.8,3.8407175255557533,14.8,3.8407175255557533,2.3000000000000007,0.6506407098647712,0.0,0.0,0.0,0.0,1.0,0.0
21000.0,1.54565717,3.6257905889826095E-7,21000.0,79.10000000000001,58.20501539815223,75.75406032482599,47.08860759493672,21000.0,186112.0,10.0,936.5,44.28826029547785,9351.999999999998,4.917090377222915,3.0,0.0,2.0,0.0,2.0,0.0,1.0,0.0,0.0,0.0,0.0,0.0,1.0,0.0
22000.0,1.57343087,3.6393123273081656E-7,22000.0,85.1,70.19999999999999,85.1,70.19999999999999,22000.0,188192.0,10.0,1921.3,39.85475016997486,9392.0,0.0,3.0,0.0,2.0,0.0,2.0,0.0,1.0,0.0,0.0,0.0,0.0,0.0,1.0,0.0
23000.0,1.613666792,3.659058733899477E-7,23000.0,87.2,74.4,87.2,74.4,23000.0,189704.0,10.0,2916.1000000000004,37.42116157113958,9392.0,0.0,3.0,0.0,2.0,0.0,2.0,0.0,1.0,0.0,0.0,0.0,0.0,0.0,1.0,0.0
24000.0,1.656320272,3.681463153828266E-7,24000.0,89.1,78.2,89.1,78.2,24000.0,203040.0,10.0,3912.4,46.47560889565862,10718.400000000001,676.8867819329577,3.6,0.3055050463303893,2.3000000000000003,0.15275252316519464,2.3000000000000003,0.15275252316519464,1.3,0.15275252316519464,0.0,0.0,0.0,0.0,1.0,0.0
25000.0,1.714498003,3.7161048662893673E-7,25000.0,91.8,83.60000000000001,91.8,83.60000000000001,25000.0,230168.0,10.0,4910.099999999999,49.43310856321116,13400.0,1397.5328101892833,4.8,0.6289320754704403,2.9,0.31446603773522014,2.9,0.31446603773522014,1.9,0.31446603773522014,0.0,0.0,0.0,0.0,1.0,0.0
26000.0,1.762776437,3.746723530818459E-7,26000.0,91.5,83.0,91.5,83.0,26000.0,245152.0,10.0,5911.7,48.470621113320895,14840.800000000001,1184.909830605969,5.4,0.49888765156985887,3.2,0.24944382578492943,3.2,0.24944382578492943,2.2,0.24944382578492943,0.0,0.0,0.0,0.0,1.0,0.0
27000.0,1.81345691,3.7861459099567177E-7,27000.0,90.0,80.0,90.0,80.0,27000.0,300680.0,10.0,6900.3,46.16493378215883,20306.4,3289.6404774855127,8.2,1.9136933459209764,5.5,1.8454147380888546,5.5,1.8454147380888546,2.6999999999999997,0.21343747458109494,0.0,0.0,0.0,0.0,1.0,0.0
28000.0,1.877982585,3.849525278297935E-7,28000.0,89.60000000000001,79.2,89.60000000000001,79.2,28000.0,379680.0,10.0,7099.1,771.0598686944554,28252.799999999996,7400.0039591581,10.0,2.092313976863362,6.4,1.8985374487864193,6.4,1.8985374487864193,2.6,0.33993463423951903,0.0,0.0,0.0,0.0,1.0,0.0
29000.0,1.934124627,3.9194727968800806E-7,29000.0,90.2,80.4,90.2,80.4,29000.0,481600.0,10.0,8014.099999999999,834.8578381976178,38408.799999999996,10216.578245185616,12.8,2.6407069760451143,8.7,2.494660965609021,8.7,2.494660965609021,2.9,0.2333333333333333,0.0,0.0,0.0,0.0,1.0,0.0
30000.0,1.987082628,3.990418289199222E-7,30000.0,90.5,81.0,90.5,81.0,30000.0,517840.0,10.0,9012.4,835.4051339187338,41971.2,10679.91152356194,13.9,2.7180466842528253,9.399999999999999,2.517494345133227,9.399999999999999,2.517494345133227,3.1,0.2333333333333333,0.0,0.0,0.0,0.0,1.0,0.0
31000.0,2.050092398,4.0782019751326065E-7,31000.0,90.9,81.80000000000001,90.9,81.80000000000001,31000.0,538528.0,10.0,10011.300000000003,838.4002895726811,44030.399999999994,10683.545232635925,14.700000000000003,2.683488608343831,9.8,2.4801433650317697,9.8,2.4801433650317697,3.2,0.24944382578492943,0.0,0.0,0.0,0.0,1.0,0.0
32000.0,2.127331238,4.189837576285583E-7,32000.0,92.80000000000001,85.60000000000001,92.80000000000001,85.60000000000001,32000.0,558688.0,10.0,11022.2,835.2455367535144,46003.200000000004,10683.882986172312,15.5,2.6635398334630636,10.2,2.48014336503177,10.2,2.48014336503177,3.3000000000000003,0.21343747458109494,0.0,0.0,0.0,0.0,1.0,0.0
33000.0,2.188753545,4.2852093247651836E-7,33000.0,92.4,84.80000000000001,92.4,84.80000000000001,33000.0,600200.0,10.0,12006.6,834.8115050051052,50099.20000000001,10536.02221882412,17.3,2.573583752927682,11.1,2.424183711410228,11.1,2.424183711410228,3.4000000000000004,0.2211083193570266,0.0,0.0,0.0,0.0,1.0,0.0
34000.0,2.247564332,4.38231488160851E-7,34000.0,90.7,81.4,90.7,81.4,34000.0,638248.0,10.0,13020.999999999998,834.9218060526518,53868.0,11001.216272152213,18.900000000000002,2.78268455512538,11.9,2.5317977802344322,11.9,2.5317977802344322,3.5,0.22360679774997896,0.0,0.0,0.0,0.0,1.0,0.0
35000.0,2.306252124,4.48295226813981E-7,35000.0,93.0,86.00000000000001,93.0,86.00000000000001,35000.0,662848.0,10.0,14029.4,842.2856100450066,56316.0,11117.104675029175,19.9,2.8614293242674678,12.399999999999999,2.5569078547686805,12.399999999999999,2.5569078547686805,3.6,0.22110831935702663,0.0,0.0,0.0,0.0,1.0,0.0
36000.0,2.362656569,4.5818699729597185E-7,36000.0,92.5,85.00000000000001,92.5,85.00000000000001,36000.0,677896.0,10.0,15013.199999999999,839.6578774186014,57780.00000000001,11266.056898686622,20.5,2.85676584814211,12.7,2.5692627563390844,12.7,2.5692627563390844,3.6999999999999997,0.21343747458109494,0.0,0.0,0.0,0.0,1.0,0.0
37000.0,2.425342663,4.6931505970490674E-7,37000.0,93.0,86.00000000000001,93.0,86.00000000000001,37000.0,686200.0,10.0,16015.800000000001,840.4653843093257,58605.6,11244.734980524094,20.9,2.8846336181759913,12.899999999999999,2.5666666666666664,12.899999999999999,2.5666666666666664,3.6999999999999997,0.21343747458109494,0.0,0.0,0.0,0.0,1.0,0.0
38000.0,2.479807834,4.790887966940261E-7,38000.0,93.4,86.80000000000001,93.4,86.80000000000001,38000.0,693656.0,10.0,17002.9,841.2359881613348,59348.8,11261.734254446681,21.1,2.87691964897643,13.0,2.556038601690775,13.0,2.556038601690775,3.8,0.24944382578492943,0.0,0.0,0.0,0.0,1.0,0.0
39000.0,2.540984832,4.905358115796288E-7,39000.0,93.8,87.6,93.8,87.6,39000.0,723280.0,10.0,17985.4,844.1604797404079,62260.8,11088.550007202122,22.5,2.8333333333333335,13.7,2.5300417212194564,13.7,2.5300417212194564,4.0,0.21081851067789192,0.0,0.0,0.0,0.0,1.0,0.0
40000.0,2.608349378,5.035847833704823E-7,40000.0,93.10000000000001,86.20000000000002,93.10000000000001,86.20000000000002,40000.0,748768.0,10.0,18992.2,846.334262832626,64778.4,10576.283677486466,23.7,2.582204054248575,14.299999999999999,2.4085495866000164,14.299999999999999,2.4085495866000164,4.1,0.17950549357115014,0.0,0.0,0.0,0.0,1.0,0.0
41000.0,2.683204346,5.185029856947932E-7,41000.0,92.7,85.4,92.7,85.4,41000.0,770368.0,10.0,19993.6,844.7370557358859,66912.0,10362.84762236927,24.5,2.535306249307522,14.7,2.3666666666666663,14.7,2.3666666666666663,4.1,0.17950549357115014,0.0,0.0,0.0,0.0,1.0,0.0
42000.0,2.747504964,5.316459291493188E-7,42000.0,93.2,86.4,93.2,86.4,42000.0,790096.0,10.0,20995.499999999996,844.2629428481782,68858.4,10430.852973750514,25.299999999999997,2.5907956735764057,15.100000000000001,2.3872345693058508,15.100000000000001,2.3872345693058508,4.1,0.17950549357115014,0.0,0.0,0.0,0.0,1.0,0.0
43000.0,2.811112029,5.452229116007974E-7,43000.0,93.0,86.00000000000001,93.0,86.00000000000001,43000.0,825088.0,10.0,21994.4,845.6727919893787,72327.2,11219.726592826484,26.599999999999998,2.6923760675078223,15.900000000000002,2.575310121562493,15.900000000000002,2.575310121562493,4.3999999999999995,0.16329931618554522,0.0,0.0,0.0,0.0,1.0,0.0
44000.0,2.877766997,5.600955234322903E-7,44000.0,93.2,86.4,93.2,86.4,44000.0,862496.0,10.0,22997.1,841.8289143947903,76036.80000000002,10827.349219863969,28.1,2.4830536755284927,16.800000000000004,2.4485823562942612,16.800000000000004,2.4485823562942612,4.5,0.16666666666666663,0.0,0.0,0.0,0.0,1.0,0.0
45000.0,2.939628453,5.740738383857036E-7,45000.0,93.60000000000001,87.20000000000002,93.60000000000001,87.20000000000002,45000.0,873448.0,10.0,23983.9,841.0047357509679,77127.20000000001,10649.418618247038,28.500000000000004,2.423266849156779,17.0,2.412928142780514,17.0,2.412928142780514,4.5,0.16666666666666663,0.0,0.0,0.0,0.0,1.0,0.0
46000.0,3.012389741,5.908754521770567E-7,46000.0,93.10000000000001,86.20000000000002,93.10000000000001,86.20000000000002,46000.0,892592.0,10.0,24991.6,848.9917968455944,79029.6,10545.32671133943,29.499999999999996,2.557125121868088,17.5,2.4910952522044503,17.5,2.4910952522044503,4.5,0.16666666666666663,0.0,0.0,0.0,0.0,1.0,0.0
47000.0,3.075319983,6.056881278199121E-7,47000.0,93.8,87.6,93.8,87.6,47000.0,909864.0,10.0,26000.7,852.6655596813246,80747.99999999999,11160.420493870288,30.100000000000005,2.6975297341580258,17.8,2.5508168626278653,17.8,2.5508168626278653,4.6,0.16329931618554522,0.0,0.0,0.0,0.0,1.0,0.0
48000.0,3.143935927,6.22154375678665E-7,48000.0,93.89999999999999,87.79999999999998,93.89999999999999,87.79999999999998,48000.0,927624.0,10.0,26994.7,853.5077953168715,82496.79999999999,11319.503998556353,31.099999999999994,2.7545921254838754,18.3,2.569262756339085,18.3,2.569262756339085,4.6,0.16329931618554522,0.0,0.0,0.0,0.0,1.0,0.0
49000.0,3.215057064,6.398919806364053E-7,49000.0,93.5,87.00000000000001,93.5,87.00000000000001,49000.0,964048.0,10.0,27981.5,856.2276598869926,86086.40000000001,11022.096710396498,32.7,2.793046922468563,19.1,2.5925105807134345,19.1,2.5925105807134345,4.6,0.16329931618554522,0.0,0.0,0.0,0.0,1.0,0.0
50000.0,3.285513647,6.584465089916623E-7,50000.0,92.30000000000001,84.60000000000001,92.30000000000001,84.60000000000001,50000.0,1017960.0,10.0,28980.0,852.6275075709594,91478.4,11108.789732259562,36.0,3.3631995348345165,21.8,3.111984004529015,21.8,3.111984004529015,4.7,0.15275252316519464,0.0,0.0,0.0,0.0,1.0,0.0
51000.0,3.362258747,6.801417029280897E-7,51000.0,93.2,86.4,93.2,86.4,51000.0,1092736.0,10.0,29969.0,851.5383595456974,98893.59999999999,12885.890443254415,36.70000000000001,3.306727149984475,22.3,3.0443025108845174,22.3,3.0443025108845174,4.7,0.15275252316519464,0.0,0.0,0.0,0.0,1.0,0.0
52000.0,3.430228685,6.995908715950386E-7,52000.0,93.0,86.00000000000001,93.0,86.00000000000001,52000.0,1106080.0,10.0,30974.2,857.5576533906561,100188.8,12650.095164156755,36.900000000000006,3.233333333333334,22.400000000000002,3.011828532820404,22.400000000000002,3.011828532820404,4.7,0.15275252316519464,0.0,0.0,0.0,0.0,1.0,0.0
53000.0,3.500928718,7.1744747100049E-7,53000.0,94.0,87.99999999999999,94.0,87.99999999999999,53000.0,976296.0,10.0,28731.7,3220.3116690090037,87348.8,14177.410724889864,33.0,4.568004670166906,19.7,3.448187929913334,19.7,3.448187929913334,4.3,0.3958114029012639,0.0,0.0,0.0,0.0,1.0,0.0
54000.0,3.572325611,7.362908531482144E-7,54000.0,93.0,86.00000000000001,93.0,86.00000000000001,54000.0,1020192.0,10.0,29728.5,3219.326804197148,91711.20000000001,14775.254289069499,34.9,4.909061915365184,21.1,3.701201006280109,21.1,3.701201006280109,4.4,0.3999999999999999,0.0,0.0,0.0,0.0,1.0,0.0
55000.0,3.652301517,7.590976600265874E-7,55000.0,93.2,86.4,93.2,86.4,55000.0,1102320.0,10.0,30726.6,3221.100112970377,99855.2,15546.064548660248,37.2,4.891716354091771,22.4,3.658171978218386,22.4,3.658171978218386,4.7,0.3,0.0,0.0,0.0,0.0,1.0,0.0
56000.0,3.724258996,7.798800987582962E-7,56000.0,93.89999999999999,87.79999999999998,93.89999999999999,87.79999999999998,56000.0,1116408.0,10.0,31723.100000000002,3223.9042047044622,101242.4,15328.606206987277,37.6,4.745055906473131,22.6,3.5938218591849473,22.6,3.5938218591849473,4.799999999999999,0.20000000000000004,0.0,0.0,0.0,0.0,1.0,0.0
57000.0,3.816002522,8.095327435327506E-7,57000.0,93.60000000000001,87.20000000000002,93.60000000000001,87.20000000000002,57000.0,1249368.0,10.0,32718.9,3222.286767188792,114501.6,15987.878432807218,42.199999999999996,4.986203187017374,26.1,3.798976470343324,26.1,3.798976470343324,4.799999999999999,0.20000000000000004,0.0,0.0,0.0,0.0,1.0,0.0
58000.0,3.889903233,8.337264012387973E-7,58000.0,94.19999999999999,88.39999999999999,94.19999999999999,88.39999999999999,58000.0,1265480.0,10.0,33725.2,3221.769747618018,116108.0,15607.414727907015,42.599999999999994,4.791659420284375,26.3,3.708998067762596,26.3,3.708998067762596,4.9,0.10000000000000002,0.0,0.0,0.0,0.0,1.0,0.0
59000.0,3.980813497,8.643125581436935E-7,59000.0,93.8,87.6,93.8,87.6,59000.0,1300512.0,10.0,34744.1,3220.45166414761,119606.40000000001,15784.807719379347,44.3,5.015642198828248,27.6,3.9614812044654872,27.6,3.9614812044654872,4.9,0.10000000000000002,0.0,0.0,0.0,0.0,1.0,0.0
60000.0,4.063355514,8.930532432128281E-7,60000.0,94.19999999999999,88.39999999999999,94.19999999999999,88.39999999999999,60000.0,1345936.0,10.0,35728.4,3225.1080781201044,124132.0,16349.025398067819,46.3,5.14252423966631,28.9,4.10270913205192,28.9,4.10270913205192,5.0,0.14907119849998599,0.0,0.0,0.0,0.0,1.0,0.0
61000.0,4.142637455,9.214977405043546E-7,61000.0,93.8,87.6,93.8,87.6,61000.0,1386840.0,10.0,36732.399999999994,3228.74020564609,128224.0,16947.8271199847,46.5,5.114793359570952,29.0,4.0879225911349035,29.0,4.0879225911349035,5.0,0.14907119849998599,0.0,0.0,0.0,0.0,1.0,0.0
62000.0,4.232494783,9.546335537424786E-7,62000.0,94.8,89.6,94.8,89.6,62000.0,1425432.0,10.0,37735.7,3229.089779041628,132076.8,16823.81221219231,48.3,5.05096250453537,30.400000000000002,4.033746535308224,30.400000000000002,4.033746535308224,5.0,0.14907119849998599,0.0,0.0,0.0,0.0,1.0,0.0
63000.0,4.319994473,9.87843622992173E-7,63000.0,94.19999999999999,88.39999999999999,94.19999999999999,88.39999999999999,63000.0,1467120.0,10.0,38762.5,3233.9997397443713,136211.2,17720.280316819673,49.8,5.248915231846587,31.3,4.258455640774533,31.3,4.258455640774533,5.1,0.10000000000000002,0.0,0.0,0.0,0.0,1.0,0.0
64000.0,4.414217918,1.0262046915039895E-6,64000.0,93.5,87.00000000000001,93.5,87.00000000000001,64000.0,1573744.0,10.0,39747.7,3228.62705960289,146854.40000000002,17469.49728921178,52.5,5.358793396527493,33.7,4.28965163050697,33.7,4.28965163050697,5.1,0.10000000000000002,0.0,0.0,0.0,0.0,1.0,0.0
65000.0,4.510369479,1.0664884104803576E-6,65000.0,93.30000000000001,86.60000000000001,93.30000000000001,86.60000000000001,65000.0,1619480.0,10.0,40750.5,3228.5190524793597,151394.4,18061.615354853137,53.800000000000004,5.472760830797478,34.5,4.410215414239989,34.5,4.410215414239989,5.1,0.10000000000000002,0.0,0.0,0.0,0.0,1.0,0.0
66000.0,4.600587197,1.1046666082148584E-6,66000.0,94.3,88.6,94.3,88.6,66000.0,1635784.0,10.0,41750.9,3226.632150125301,153017.6,18277.23345172592,54.4,5.4958570254733194,34.800000000000004,4.439219150556398,34.800000000000004,4.439219150556398,5.2,0.13333333333333333,0.0,0.0,0.0,0.0,1.0,0.0
67000.0,4.702906373,1.1503725390817555E-6,67000.0,93.2,86.4,93.2,86.4,67000.0,1726704.0,10.0,42747.200000000004,3224.9204910095586,162078.4,17666.723372990753,57.1,5.338435059911181,37.2,4.283819687044625,37.2,4.283819687044625,5.300000000000001,0.1527525231651947,0.0,0.0,0.0,0.0,1.0,0.0
68000.0,4.800869088,1.1947767617912754E-6,68000.0,93.2,86.4,93.2,86.4,68000.0,1752128.0,10.0,43757.700000000004,3223.881797702198,164609.6,17609.65633281922,57.9,5.246056720157637,37.599999999999994,4.248398391027951,37.599999999999994,4.248398391027951,5.400000000000001,0.1632993161855452,0.0,0.0,0.0,0.0,1.0,0.0
69000.0,4.910088413,1.247098910232716E-6,69000.0,94.3,88.6,94.3,88.6,69000.0,1851776.0,10.0,44763.1,3220.5705721191703,174540.8,17210.7290650661,61.5,5.289927535735563,40.6,4.2405450383438,40.6,4.2405450383438,5.400000000000001,0.1632993161855452,0.0,0.0,0.0,0.0,1.0,0.0
70000.0,5.014750797,1.2977438138128318E-6,70000.0,95.5,90.99999999999999,95.5,90.99999999999999,70000.0,1870456.0,10.0,45752.1,3219.4321530011744,176404.80000000002,17488.506781312117,62.0,5.463006905033568,41.0,4.376706016578627,41.0,4.376706016578627,5.400000000000001,0.1632993161855452,0.0,0.0,0.0,0.0,1.0,0.0
71000.0,5.114598798,1.3471725023803671E-6,71000.0,95.1,90.19999999999999,95.1,90.19999999999999,71000.0,1913560.0,10.0,46750.2,3220.7910063626705,180685.6,18279.368510366483,63.400000000000006,5.66705880996091,42.0,4.526465385804788,42.0,4.526465385804788,5.5,0.16666666666666666,0.0,0.0,0.0,0.0,1.0,0.0
72000.0,5.217669207,1.3992252284458215E-6,72000.0,94.3,88.6,94.3,88.6,72000.0,1952144.0,10.0,47749.899999999994,3216.8107651661585,184513.6,18769.49967675099,64.30000000000001,5.547872465088656,42.599999999999994,4.51220566907139,42.599999999999994,4.51220566907139,5.5,0.16666666666666666,0.0,0.0,0.0,0.0,1.0,0.0
73000.0,5.331492823,1.459411716218816E-6,73000.0,94.39999999999999,88.79999999999998,94.39999999999999,88.79999999999998,73000.0,2043944.0,10.0,48759.3,3217.7587336184447,193658.40000000002,17837.742400252835,66.89999999999999,5.45985347788748,44.8,4.30193754797378,44.8,4.30193754797378,5.7,0.1527525231651946,0.0,0.0,0.0,0.0,1.0,0.0
74000.0,5.435611221,1.5154586820260867E-6,74000.0,95.39999999999999,90.8,95.39999999999999,90.8,74000.0,2080784.0,10.0,49741.799999999996,3213.968404739951,197351.2,17860.174440357518,68.60000000000001,5.487764167268447,46.1,4.295863643604676,46.1,4.295863643604676,5.7,0.1527525231651946,0.0,0.0,0.0,0.0,1.0,0.0
75000.0,5.538149051,1.5716443762483839E-6,75000.0,94.89999999999999,89.8,94.89999999999999,89.8,75000.0,2118088.0,10.0,50733.6,3213.47425762903,201090.40000000002,17338.133696309735,69.6,5.00932463844512,46.9,3.9056938492980273,46.9,3.9056938492980273,5.8,0.13333333333333333,0.0,0.0,0.0,0.0,1.0,0.0
76000.0,5.645893732,1.6316647666745093E-6,76000.0,94.39999999999999,88.79999999999998,94.39999999999999,88.79999999999998,76000.0,2153304.0,10.0,51721.299999999996,3215.9788489146913,204596.0,16464.20067904907,70.39999999999999,4.964764736509565,47.3,3.8874441760907925,47.3,3.8874441760907925,5.8,0.13333333333333333,0.0,0.0,0.0,0.0,1.0,0.0
77000.0,5.757566738,1.6950168210209863E-6,77000.0,95.8,91.6,95.8,91.6,77000.0,2192880.0,10.0,52730.7,3214.5622306069054,208527.19999999998,16486.041242214575,72.49999999999999,5.112620550059322,48.800000000000004,4.0381513922420815,48.800000000000004,4.0381513922420815,5.8,0.13333333333333333,0.0,0.0,0.0,0.0,1.0,0.0
78000.0,5.867259811,1.7590618314122572E-6,78000.0,94.5,88.99999999999999,94.5,88.99999999999999,78000.0,2256880.0,10.0,53736.2,3214.6039458833634,214909.6,17238.9370149219,73.49999999999999,5.283622494715786,49.6,4.185158964191868,49.6,4.185158964191868,5.9,0.10000000000000002,0.0,0.0,0.0,0.0,1.0,0.0
79000.0,5.985353827,1.8294225100000118E-6,79000.0,94.0,87.99999999999999,94.0,87.99999999999999,79000.0,2303056.0,10.0,54726.9,3214.20275392411,219515.99999999997,17827.564425162887,75.6,5.485739087245522,51.1,4.329357150124407,51.1,4.329357150124407,5.9,0.10000000000000002,0.0,0.0,0.0,0.0,1.0,0.0
80000.0,6.105274154,1.9036090683272376E-6,80000.0,96.0,92.0,96.0,92.0,80000.0,2391304.0,10.0,55739.2,3211.2459845569806,228342.4,19437.008340448556,78.2,6.158643429269865,53.3,5.083852432511742,53.3,5.083852432511742,5.9,0.10000000000000002,0.0,0.0,0.0,0.0,1.0,0.0
81000.0,6.232369106,1.984073493485639E-6,81000.0,95.0,89.99999999999999,95.0,89.99999999999999,81000.0,2447248.0,10.0,56740.5,3215.3328711382624,233886.40000000002,20909.417125198772,80.1,6.398697784184945,54.699999999999996,5.234607063678334,54.699999999999996,5.234607063678334,5.9,0.10000000000000002,0.0,0.0,0.0,0.0,1.0,0.0
82000.0,6.355100349,2.063985587466382E-6,82000.0,94.6,89.19999999999999,94.6,89.19999999999999,82000.0,2516864.0,10.0,57734.2,3220.176999276075,240843.2,22314.40672888755,83.19999999999999,7.095851683280247,57.300000000000004,5.878491870085955,57.300000000000004,5.878491870085955,5.9,0.10000000000000002,0.0,0.0,0.0,0.0,1.0,0.0
83000.0,6.479148568,2.1474177398419627E-6,83000.0,95.7,91.39999999999999,95.7,91.39999999999999,83000.0,2599832.0,10.0,58737.00000000001,3215.770009741921,249126.40000000002,23757.887187767068,83.89999999999999,7.163875425432181,57.8,5.921336185543109,57.8,5.921336185543109,5.9,0.10000000000000002,0.0,0.0,0.0,0.0,1.0,0.0
84000.0,6.607592917,2.2362179705955705E-6,84000.0,95.89999999999999,91.8,95.89999999999999,91.8,84000.0,2672400.0,10.0,59732.7,3215.7873376688185,256375.19999999998,24054.308404478765,86.6,7.2436945760510305,60.2,5.947548514584252,60.2,5.947548514584252,6.0,0.14907119849998596,0.0,0.0,0.0,0.0,1.0,0.0
85000.0,6.728693858,2.321013022087423E-6,85000.0,94.69999999999999,89.39999999999999,94.69999999999999,89.39999999999999,85000.0,2706608.0,10.0,60725.5,3214.969414922774,259768.00000000006,24316.20988010535,86.6,7.2436945760510305,60.2,5.947548514584252,60.2,5.947548514584252,6.0,0.14907119849998596,0.0,0.0,0.0,0.0,1.0,0.0
86000.0,6.860947981,2.414461681147801E-6,86000.0,94.1,88.19999999999999,94.1,88.19999999999999,86000.0,2731280.0,10.0,61708.899999999994,3217.151426167082,262213.60000000003,24405.624941439673,87.3,7.271023158935596,60.699999999999996,5.966666666666667,60.699999999999996,5.966666666666667,6.0,0.14907119849998596,0.0,0.0,0.0,0.0,1.0,0.0
87000.0,6.992005774,2.5074282200906484E-6,87000.0,95.5,90.99999999999999,95.5,90.99999999999999,87000.0,2741992.0,10.0,62714.6,3219.983230460128,263280.0,23806.506106058016,87.69999999999999,6.936297443321055,60.900000000000006,5.808901215663194,60.900000000000006,5.808901215663194,6.0,0.14907119849998596,0.0,0.0,0.0,0.0,1.0,0.0
88000.0,7.124389954,2.6013970108750026E-6,88000.0,94.6,89.19999999999999,94.6,89.19999999999999,88000.0,2743784.0,10.0,63710.700000000004,3221.2059648178006,263456.8,23816.991684649565,88.30000000000001,6.6983414199171545,61.2,5.691709370264398,61.2,5.691709370264398,6.0,0.14907119849998596,0.0,0.0,0.0,0.0,1.0,0.0
89000.0,7.262293369,2.700114274865519E-6,89000.0,95.5,90.99999999999999,95.5,90.99999999999999,89000.0,2767072.0,10.0,64731.6,3230.8651754943626,265775.2,22875.58022423815,88.90000000000002,6.466065264130884,61.5,5.576239274317812,61.5,5.576239274317812,6.0,0.14907119849998596,0.0,0.0,0.0,0.0,1.0,0.0
90000.0,7.392464499,2.7939658991022097E-6,90000.0,95.19999999999999,90.39999999999999,95.19999999999999,90.39999999999999,90000.0,2786952.0,10.0,65742.29999999999,3229.0919812438506,267773.6,22994.275524911754,89.6,6.620171196175115,62.0,5.670586879288204,62.0,5.670586879288204,6.0,0.14907119849998596,0.0,0.0,0.0,0.0,1.0,0.0
91000.0,7.524697117,2.8901472773440825E-6,91000.0,95.19999999999999,90.39999999999999,95.19999999999999,90.39999999999999,91000.0,2811608.0,10.0,66733.6,3232.64431902635,270232.8,22583.311437529363,90.30000000000001,6.518435395092904,62.50000000000001,5.542261872797664,62.50000000000001,5.542261872797664,6.0,0.14907119849998596,0.0,0.0,0.0,0.0,1.0,0.0
92000.0,7.662112389,2.9913752722094106E-6,92000.0,95.7,91.39999999999999,95.7,91.39999999999999,92000.0,2847528.0,10.0,67731.4,3229.0599670974075,273796.80000000005,22989.85024203314,91.7,6.577824699532344,63.49999999999999,5.572252686302012,63.49999999999999,5.572252686302012,6.0,0.14907119849998596,0.0,0.0,0.0,0.0,1.0,0.0
93000.0,7.810479791,3.1048359183416414E-6,93000.0,94.8,89.6,94.8,89.6,93000.0,2956032.0,10.0,68740.0,3227.525329963431,284611.2,22375.688273361935,94.4,6.3999999999999995,65.9,5.510495037249879,65.9,5.510495037249879,6.0,0.14907119849998596,0.0,0.0,0.0,0.0,1.0,0.0
94000.0,7.965022738,3.225501795246148E-6,94000.0,95.5,90.99999999999999,95.5,90.99999999999999,94000.0,3018128.0,10.0,69722.3,3229.698197286482,290781.60000000003,22896.26147998839,96.99999999999999,6.51664535375884,68.1,5.702728391841146,68.1,5.702728391841146,6.0,0.14907119849998596,0.0,0.0,0.0,0.0,1.0,0.0
95000.0,8.115149255,3.346405536318204E-6,95000.0,93.8,87.6,93.8,87.6,95000.0,3113040.0,10.0,70726.8,3233.134309338574,300253.60000000003,24926.076292910602,99.39999999999999,7.068238818828916,70.19999999999999,6.153228601492246,70.19999999999999,6.153228601492246,6.1,0.17950549357115014,0.0,0.0,0.0,0.0,1.0,0.0
96000.0,8.281196823,3.482851240413601E-6,96000.0,94.1,88.19999999999999,94.1,88.19999999999999,96000.0,3176360.0,10.0,71718.7,3229.728268755748,306548.0,26232.157805089366,100.8,7.41739696778983,71.2,6.387139857209607,71.2,6.387139857209607,6.1,0.17950549357115014,0.0,0.0,0.0,0.0,1.0,0.0
97000.0,8.421009685,3.597908173429596E-6,97000.0,94.5,88.99999999999999,94.5,88.99999999999999,97000.0,3181032.0,10.0,72706.0,3229.676922266719,307000.80000000005,26261.707428962887,101.3,7.261848555598253,71.6,6.229321347020432,71.6,6.229321347020432,6.1,0.17950549357115014,0.0,0.0,0.0,0.0,1.0,0.0
98000.0,8.569227318,3.721049187143263E-6,98000.0,95.3,90.6,95.3,90.6,98000.0,3211480.0,10.0,73710.29999999999,3233.781646067719,310032.0,25840.243658981923,101.9,7.335529974037321,71.9,6.260014199486914,71.9,6.260014199486914,6.1,0.17950549357115014,0.0,0.0,0.0,0.0,1.0,0.0
99000.0,8.712711511,3.841128275418131E-6,99000.0,94.6,89.19999999999999,94.6,89.19999999999999,99000.0,3234936.0,10.0,74710.1,3234.597019207596,312371.2,26093.181214341115,102.6,7.443416181058563,72.39999999999999,6.314357537478465,72.39999999999999,6.314357537478465,6.1,0.17950549357115014,0.0,0.0,0.0,0.0,1.0,0.0
100000.0,8.856451869,3.961726368652088E-6,100000.0,95.0,89.99999999999999,95.0,89.99999999999999,100000.0,3243128.0,10.0,75691.0,3237.487135967579,313204.8,26175.103222888898,102.8,7.483017810720187,72.50000000000001,6.326750965367435,72.50000000000001,6.326750965367435,6.1,0.17950549357115014,0.0,0.0,0.0,0.0,1.0,0.0