learning evaluation instances,evaluation time (cpu seconds),model cost (RAM-Hours),classified instances,classifications correct (percent),Kappa Statistic (percent),Kappa Temporal Statistic (percent),Kappa M Statistic (percent),model training instances,model serialized size (bytes),tree size (nodes),tree size (leaves),active learning leaves,tree depth,active leaf byte size estimate,inactive leaf byte size estimate,byte size estimate overhead
1000.0,0.021055226,1.0240363805658287E-11,1000.0,84.7,69.40856560163155,81.43203883495146,68.32298136645963,1000.0,1880.0,1.0,1.0,1.0,0.0,0.0,0.0,1.0
2000.0,0.031474962,1.5308078937232494E-11,2000.0,85.7,71.40754840722049,82.64563106796116,70.9349593495935,2000.0,1880.0,1.0,1.0,1.0,0.0,0.0,0.0,1.0
3000.0,0.039120583,1.902658286400967E-11,3000.0,86.0,72.02685421994885,83.33333333333333,71.71717171717171,3000.0,1880.0,1.0,1.0,1.0,0.0,0.0,0.0,1.0
4000.0,0.050868633,3.60705787419445E-11,4000.0,81.69999999999999,63.40292776577873,77.46305418719211,62.95546558704452,4000.0,5608.0,5.0,3.0,3.0,2.0,0.0,0.0,1.0
5000.0,0.057390601,4.553260824539595E-11,5000.0,86.2,72.39911677173669,83.21167883211677,71.60493827160494,5000.0,5608.0,5.0,3.0,3.0,2.0,0.0,0.0,1.0
6000.0,0.063349589,5.4177869961907466E-11,6000.0,83.2,66.39032041227873,79.10447761194028,66.19718309859154,6000.0,5608.0,5.0,3.0,3.0,2.0,0.0,0.0,1.0
7000.0,0.068987324,6.235705987860759E-11,7000.0,86.8,73.62068138579355,84.05797101449274,72.8395061728395,7000.0,5608.0,5.0,3.0,3.0,2.0,0.0,0.0,1.0
8000.0,0.075128186,7.126618323226769E-11,8000.0,85.8,71.60238539962643,82.89156626506023,71.4859437751004,8000.0,5608.0,5.0,3.0,3.0,2.0,0.0,0.0,1.0
9000.0,0.080660593,7.929256395954225E-11,9000.0,86.6,73.18455430327869,83.69829683698296,72.02505219206681,9000.0,5608.0,5.0,3.0,3.0,2.0,0.0,0.0,1.0
10000.0,0.085792033,8.921169774192903E-11,10000.0,84.89999999999999,69.78912408467049,80.88607594936708,69.49494949494948,10000.0,7472.0,7.0,4.0,4.0,2.0,0.0,0.0,1.0
11000.0,0.092095324,1.0139603326924973E-10,11000.0,85.39999999999999,70.72446913035631,81.81818181818183,69.77225672877846,11000.0,7472.0,7.0,4.0,4.0,2.0,0.0,0.0,1.0
12000.0,0.099095912,1.183040625622703E-10,12000.0,87.5,75.01399216438794,84.51053283767038,75.44204322200393,12000.0,9336.0,9.0,5.0,5.0,3.0,0.0,0.0,1.0
13000.0,0.10574081,1.3755730904845728E-10,13000.0,87.7,75.40865615303413,85.0909090909091,74.949083503055,13000.0,11200.0,11.0,6.0,6.0,4.0,0.0,0.0,1.0
14000.0,0.119432491,1.7722824291429586E-10,14000.0,89.3,78.60445027434294,87.27705112960761,78.25203252032522,14000.0,11200.0,11.0,6.0,6.0,4.0,0.0,0.0,1.0
15000.0,0.129283419,2.1052109075296257E-10,15000.0,89.5,78.95352939289953,87.74795799299883,78.30578512396694,15000.0,13064.0,13.0,7.0,7.0,4.0,0.0,0.0,1.0
16000.0,0.137545824,2.384452611911628E-10,16000.0,88.6,77.20291802649261,86.19854721549636,77.2,16000.0,13064.0,13.0,7.0,7.0,4.0,0.0,0.0,1.0
17000.0,0.145019342,2.637032569448153E-10,17000.0,89.60000000000001,79.19567269992159,87.72136953955136,78.64476386036962,17000.0,13064.0,13.0,7.0,7.0,4.0,0.0,0.0,1.0
18000.0,0.15310292,2.9102305182566246E-10,18000.0,89.60000000000001,79.207568445086,87.409200968523,78.42323651452283,18000.0,13064.0,13.0,7.0,7.0,4.0,0.0,0.0,1.0
19000.0,0.161412713,3.2311451074977715E-10,19000.0,89.0,78.01160986998865,86.8891537544696,77.91164658634538,19000.0,14928.0,15.0,8.0,8.0,4.0,0.0,0.0,1.0
20000.0,0.169697603,3.5910492135832706E-10,20000.0,84.1,68.16536391594053,75.50077041602465,67.0807453416149,20000.0,16792.0,17.0,9.0,9.0,4.0,0.0,0.0,1.0
21000.0,0.177074969,3.9115295477211476E-10,21000.0,82.3,64.50572721147367,75.81967213114753,64.02439024390243,21000.0,16792.0,17.0,9.0,9.0,4.0,0.0,0.0,1.0
22000.0,0.18519619,4.3034857051240076E-10,22000.0,82.6,65.03004602367506,79.18660287081339,63.90041493775933,22000.0,18656.0,19.0,10.0,10.0,4.0,0.0,0.0,1.0
23000.0,0.193148918,4.725659346746075E-10,23000.0,83.5,66.9595584996035,79.82885085574571,66.5991902834008,23000.0,20520.0,21.0,11.0,11.0,4.0,0.0,0.0,1.0
24000.0,0.199948947,5.08664151614325E-10,24000.0,84.6,69.19445500190034,81.08108108108107,68.57142857142856,24000.0,20520.0,21.0,11.0,11.0,4.0,0.0,0.0,1.0
25000.0,0.206718922,5.446028257326948E-10,25000.0,85.8,71.56007033875561,82.64058679706599,70.47817047817048,25000.0,20520.0,21.0,11.0,11.0,4.0,0.0,0.0,1.0
26000.0,0.220074156,6.154996019394862E-10,26000.0,85.7,71.36793208393401,82.64563106796116,70.99391480730223,26000.0,20520.0,21.0,11.0,11.0,4.0,0.0,0.0,1.0
27000.0,0.226018681,6.470563428083228E-10,27000.0,83.8,67.58119709431469,79.23076923076923,67.40442655935614,27000.0,20520.0,21.0,11.0,11.0,4.0,0.0,0.0,1.0
28000.0,0.229846198,6.673748648332225E-10,28000.0,86.7,73.34925698530002,83.74083129584352,72.46376811594203,28000.0,20520.0,21.0,11.0,11.0,4.0,0.0,0.0,1.0
29000.0,0.234101298,6.899632277505266E-10,29000.0,84.89999999999999,69.77461067296528,81.26550868486352,69.4331983805668,29000.0,20520.0,21.0,11.0,11.0,4.0,0.0,0.0,1.0
30000.0,0.238392897,7.14814833878643E-10,30000.0,88.2,76.39357905350256,86.15023474178403,76.30522088353415,30000.0,22384.0,23.0,12.0,12.0,5.0,0.0,0.0,1.0
31000.0,0.242704759,7.418630361557007E-10,31000.0,85.9,71.77154571808381,82.33082706766918,71.28309572301426,31000.0,24248.0,25.0,13.0,13.0,5.0,0.0,0.0,1.0
32000.0,0.24655893,7.660401542588241E-10,32000.0,86.9,73.80167669269167,83.70646766169155,73.85229540918164,32000.0,24248.0,25.0,13.0,13.0,5.0,0.0,0.0,1.0
33000.0,0.251057857,7.964312747721043E-10,33000.0,86.8,73.61350988293994,83.84332925336598,73.49397590361446,33000.0,26112.0,27.0,14.0,14.0,5.0,0.0,0.0,1.0
34000.0,0.255137414,8.239894699657129E-10,34000.0,88.5,77.015445620543,86.0943168077388,75.99164926931107,34000.0,26112.0,27.0,14.0,14.0,5.0,0.0,0.0,1.0
35000.0,0.259311809,8.521883141601251E-10,35000.0,88.7,77.40271167459905,86.2864077669903,77.30923694779118,35000.0,26112.0,27.0,14.0,14.0,5.0,0.0,0.0,1.0
36000.0,0.263480471,8.80348430832641E-10,36000.0,87.8,75.59609537526003,84.78802992518702,75.35353535353535,36000.0,26112.0,27.0,14.0,14.0,5.0,0.0,0.0,1.0
37000.0,0.267542032,9.077850595716801E-10,37000.0,88.8,77.60788202552702,86.45707376058043,76.85950413223141,37000.0,26112.0,27.0,14.0,14.0,5.0,0.0,0.0,1.0
38000.0,0.272538949,9.439498026710419E-10,38000.0,88.6,77.19753733403208,86.24849215922798,77.33598409542743,38000.0,27976.0,29.0,15.0,15.0,5.0,0.0,0.0,1.0
39000.0,0.276655192,9.737407458925414E-10,39000.0,88.6,77.19936158212431,86.21523579201936,76.54320987654322,39000.0,27976.0,29.0,15.0,15.0,5.0,0.0,0.0,1.0
40000.0,0.280947479,1.0048057919326757E-9,40000.0,88.8,77.59856630824373,86.58682634730539,77.41935483870968,40000.0,27976.0,29.0,15.0,15.0,5.0,0.0,0.0,1.0
41000.0,0.285730122,1.0417260231615769E-9,41000.0,88.6,77.1956215593394,86.06356968215158,77.4703557312253,41000.0,29840.0,31.0,16.0,16.0,6.0,0.0,0.0,1.0
42000.0,0.289827952,1.0733597518627843E-9,42000.0,87.6,75.19523748559723,84.5579078455791,74.79674796747967,42000.0,29840.0,31.0,16.0,16.0,6.0,0.0,0.0,1.0
43000.0,0.294503936,1.1117114594206214E-9,43000.0,87.6,75.20089276786035,84.7478474784748,74.89878542510121,43000.0,31704.0,33.0,17.0,17.0,6.0,0.0,0.0,1.0
44000.0,0.298786531,1.1468366504025955E-9,44000.0,88.2,76.40066078149812,85.78313253012048,75.96741344195519,44000.0,31704.0,33.0,17.0,17.0,6.0,0.0,0.0,1.0
45000.0,0.303057183,1.1818638867201905E-9,45000.0,89.2,78.40025919688965,86.92493946731233,78.09330628803247,45000.0,31704.0,33.0,17.0,17.0,6.0,0.0,0.0,1.0
46000.0,0.307133854,1.2153001204629739E-9,46000.0,90.3,80.60139669943764,88.61502347417841,80.44354838709677,46000.0,31704.0,33.0,17.0,17.0,6.0,0.0,0.0,1.0
47000.0,0.311309189,1.2495455812849104E-9,47000.0,88.3,76.5996255940095,85.51980198019803,76.45875251509054,47000.0,31704.0,33.0,17.0,17.0,6.0,0.0,0.0,1.0
48000.0,0.316628734,1.295575718652043E-9,48000.0,89.3,78.59520532599302,87.29216152019002,78.20773930753563,48000.0,33448.0,35.0,18.0,18.0,6.0,0.0,0.0,1.0
49000.0,0.320833164,1.3320872646114892E-9,49000.0,90.4,80.7993087751159,88.51674641148325,80.6841046277666,49000.0,33568.0,35.0,18.0,18.0,6.0,0.0,0.0,1.0
50000.0,0.325470009,1.3745899015396005E-9,50000.0,88.8,77.60215019358142,86.30806845965769,77.00205338809035,50000.0,35432.0,37.0,19.0,19.0,6.0,0.0,0.0,1.0
51000.0,0.329600171,1.412448138323509E-9,51000.0,88.9,77.8005327872131,86.52912621359224,77.84431137724552,51000.0,35432.0,37.0,19.0,19.0,6.0,0.0,0.0,1.0
52000.0,0.334567378,1.4627695216528244E-9,52000.0,86.7,73.40191506211553,83.49875930521092,73.45309381237524,52000.0,39160.0,41.0,21.0,21.0,6.0,0.0,0.0,1.0
53000.0,0.338780487,1.5054513492869834E-9,53000.0,87.7,75.40236137330817,84.70149253731344,74.89795918367346,53000.0,39160.0,41.0,21.0,21.0,6.0,0.0,0.0,1.0
54000.0,0.342933643,1.547525809864617E-9,54000.0,88.9,77.8124250419765,86.52912621359224,76.875,54000.0,39160.0,41.0,21.0,21.0,6.0,0.0,0.0,1.0
55000.0,0.347632253,1.597246003082643E-9,55000.0,90.9,81.80218373795145,89.34426229508196,81.42857142857144,55000.0,40904.0,43.0,22.0,22.0,6.0,0.0,0.0,1.0
56000.0,0.351833454,1.6418330894058778E-9,56000.0,88.1,76.20095196192153,85.125,76.66666666666667,56000.0,41024.0,43.0,22.0,22.0,6.0,0.0,0.0,1.0
57000.0,0.356543643,1.6939471489211752E-9,57000.0,89.2,78.40544182865918,86.86131386861314,77.68595041322315,57000.0,42768.0,45.0,23.0,23.0,6.0,0.0,0.0,1.0
58000.0,0.360728731,1.7403813542943034E-9,58000.0,87.9,75.79980639845118,85.17156862745098,75.70281124497991,58000.0,42888.0,45.0,23.0,23.0,6.0,0.0,0.0,1.0
59000.0,0.365051256,1.7868464756074051E-9,59000.0,88.3,76.60037439400969,85.76642335766424,76.17107942973523,59000.0,41552.0,47.0,24.0,24.0,6.0,0.0,0.0,1.0
60000.0,0.370205608,1.8465203385282722E-9,60000.0,89.1,78.19022922269177,86.83574879227054,77.19665271966527,60000.0,44752.0,47.0,24.0,24.0,6.0,0.0,0.0,1.0
61000.0,0.374501267,1.8962527910889024E-9,61000.0,88.8,77.60000000000001,86.20689655172413,77.46478873239437,61000.0,44752.0,47.0,24.0,24.0,6.0,0.0,0.0,1.0
62000.0,0.378644612,1.944221847444359E-9,62000.0,87.7,75.40354188996784,84.77722772277228,75.44910179640718,62000.0,44752.0,47.0,24.0,24.0,6.0,0.0,0.0,1.0
63000.0,0.382815537,1.9925102077859143E-9,63000.0,89.5,78.99915996639865,87.34939759036145,79.33070866141733,63000.0,44752.0,47.0,24.0,24.0,6.0,0.0,0.0,1.0
64000.0,0.386941557,2.0402786861297986E-9,64000.0,88.2,76.4014159150451,85.67961165048543,76.16161616161617,64000.0,44752.0,47.0,24.0,24.0,6.0,0.0,0.0,1.0
65000.0,0.39108953,2.088301322574003E-9,65000.0,87.1,74.19628426493415,83.99503722084367,73.61963190184049,65000.0,44752.0,47.0,24.0,24.0,6.0,0.0,0.0,1.0
66000.0,0.396406675,2.1549879484768544E-9,66000.0,87.3,74.5987807414756,84.35960591133005,74.34343434343434,66000.0,48480.0,51.0,26.0,26.0,6.0,0.0,0.0,1.0
67000.0,0.400771328,2.2097286000495985E-9,67000.0,88.8,77.59856630824373,86.20689655172413,76.06837606837607,67000.0,48480.0,51.0,26.0,26.0,6.0,0.0,0.0,1.0
68000.0,0.406233785,2.2833363161939714E-9,68000.0,87.7,75.4,85.0,74.53416149068323,68000.0,52088.0,55.0,28.0,28.0,6.0,0.0,0.0,1.0
69000.0,0.410694713,2.34358671133303E-9,69000.0,86.2,72.38674563790619,82.44274809160305,70.70063694267516,69000.0,52208.0,55.0,28.0,28.0,6.0,0.0,0.0,1.0
70000.0,0.417368017,2.4337180030470095E-9,70000.0,89.4,78.79592881833312,87.07317073170731,78.5425101214575,70000.0,52208.0,55.0,28.0,28.0,6.0,0.0,0.0,1.0
71000.0,0.422264745,2.4999760321569113E-9,71000.0,87.8,75.60126873402582,84.69259723964869,74.94866529774127,71000.0,52304.0,57.0,29.0,29.0,6.0,0.0,0.0,1.0
72000.0,0.427304652,2.5687346815855967E-9,72000.0,88.2,76.40179346369675,85.4858548585486,75.46777546777547,72000.0,52736.0,59.0,30.0,30.0,6.0,0.0,0.0,1.0
73000.0,0.43229125,2.6408941615083153E-9,73000.0,88.9,77.79964479431672,86.4963503649635,77.8,73000.0,55936.0,59.0,30.0,30.0,6.0,0.0,0.0,1.0
74000.0,0.436818653,2.7064087760572634E-9,74000.0,90.3,80.59767172060648,88.39712918660287,80.28455284552845,74000.0,55936.0,59.0,30.0,30.0,6.0,0.0,0.0,1.0
75000.0,0.441300296,2.7712612121428056E-9,75000.0,89.9,79.80048478836508,87.772397094431,79.67806841046277,75000.0,55936.0,59.0,30.0,30.0,6.0,0.0,0.0,1.0
76000.0,0.446002022,2.83929839959989E-9,76000.0,90.10000000000001,80.19857429734941,88.1294964028777,80.16032064128257,76000.0,55936.0,59.0,30.0,30.0,6.0,0.0,0.0,1.0
77000.0,0.450674463,2.9069118130993513E-9,77000.0,88.0,76.0071978406478,85.22167487684727,75.51020408163265,77000.0,55936.0,59.0,30.0,30.0,6.0,0.0,0.0,1.0
78000.0,0.455197951,2.9723697749235566E-9,78000.0,88.8,77.60152309642945,86.4734299516908,76.81159420289855,78000.0,55936.0,59.0,30.0,30.0,6.0,0.0,0.0,1.0
79000.0,0.460284194,3.048044910043892E-9,79000.0,88.3,76.6,85.33834586466166,76.6,79000.0,57512.0,61.0,31.0,31.0,6.0,0.0,0.0,1.0
80000.0,0.465008045,3.1185335403411756E-9,80000.0,86.7,73.4,83.29145728643216,73.29317269076306,80000.0,57680.0,61.0,31.0,31.0,6.0,0.0,0.0,1.0
81000.0,0.469715585,3.188778780224837E-9,81000.0,87.8,75.6,84.5959595959596,74.42348008385744,81000.0,57680.0,61.0,31.0,31.0,6.0,0.0,0.0,1.0
82000.0,0.474739222,3.266163263275392E-9,82000.0,87.2,74.4004095934465,84.03990024937654,73.98373983739837,82000.0,59544.0,63.0,32.0,32.0,6.0,0.0,0.0,1.0
83000.0,0.479956004,3.3490385933427353E-9,83000.0,88.9,77.79911196447858,86.59420289855073,77.06611570247934,83000.0,61408.0,65.0,33.0,33.0,7.0,0.0,0.0,1.0
84000.0,0.485078889,3.4328289820357333E-9,84000.0,88.9,77.8005327872131,86.39705882352942,77.39307535641548,84000.0,63224.0,67.0,34.0,34.0,7.0,0.0,0.0,1.0
85000.0,0.490682576,3.5271856129272948E-9,85000.0,90.0,80.00095995392222,87.83454987834548,79.16666666666667,85000.0,65088.0,69.0,35.0,35.0,7.0,0.0,0.0,1.0
86000.0,0.495578482,3.6098371909041375E-9,86000.0,88.7,77.3994575869821,86.18581907090464,77.03252032520325,86000.0,65256.0,69.0,35.0,35.0,7.0,0.0,0.0,1.0
87000.0,0.501103861,3.7056082973298104E-9,87000.0,88.9,77.79413765234023,86.26237623762376,77.66599597585513,87000.0,67000.0,71.0,36.0,36.0,7.0,0.0,0.0,1.0
88000.0,0.506417143,3.800430244410204E-9,88000.0,90.5,80.99787176163731,88.6904761904762,81.0,88000.0,68984.0,73.0,37.0,37.0,7.0,0.0,0.0,1.0
89000.0,0.51143851,3.8900426150589355E-9,89000.0,88.6,77.20364741641338,85.96059113300491,76.73469387755102,89000.0,68984.0,73.0,37.0,37.0,7.0,0.0,0.0,1.0
90000.0,0.518217294,4.008675307290008E-9,90000.0,88.3,76.60224618436631,85.66176470588236,76.92307692307693,90000.0,67648.0,75.0,38.0,38.0,7.0,0.0,0.0,1.0
91000.0,0.524600697,4.125673051284005E-9,91000.0,88.4,76.80296921993984,85.7142857142857,76.84630738522954,91000.0,70848.0,75.0,38.0,38.0,7.0,0.0,0.0,1.0
92000.0,0.529630111,4.217854305015256E-9,92000.0,88.2,76.40075517583438,85.39603960396039,76.81728880157172,92000.0,70848.0,75.0,38.0,38.0,7.0,0.0,0.0,1.0
93000.0,0.534600846,4.308960064904143E-9,93000.0,87.7,75.4,84.81481481481482,75.4,93000.0,70848.0,75.0,38.0,38.0,7.0,0.0,0.0,1.0
94000.0,0.540074983,4.411762180785752E-9,94000.0,88.8,77.60322513558047,86.37469586374695,76.95473251028807,94000.0,72592.0,77.0,39.0,39.0,7.0,0.0,0.0,1.0
95000.0,0.54619231,4.5322770515374015E-9,95000.0,88.3,76.59887674608382,85.48387096774194,76.31578947368422,95000.0,76152.0,81.0,41.0,41.0,7.0,0.0,0.0,1.0
96000.0,0.551932868,4.648565261707538E-9,96000.0,88.8,77.59928317706168,86.40776699029125,77.82178217821783,96000.0,78304.0,83.0,42.0,42.0,7.0,0.0,0.0,1.0
97000.0,0.557098764,4.753212370884916E-9,97000.0,89.0,78.00140790989377,86.41975308641973,77.59674134419552,97000.0,78304.0,83.0,42.0,42.0,7.0,0.0,0.0,1.0
98000.0,0.562189177,4.856330398225951E-9,98000.0,90.60000000000001,81.2000751996992,88.8888888888889,81.71206225680935,98000.0,78304.0,83.0,42.0,42.0,7.0,0.0,0.0,1.0
99000.0,0.56734368,4.960746715975305E-9,99000.0,87.8,75.5988287437797,84.71177944862154,75.05112474437627,99000.0,78304.0,83.0,42.0,42.0,7.0,0.0,0.0,1.0
100000.0,0.572985916,5.077413660209213E-9,100000.0,87.8,75.59853591215473,84.82587064676615,75.50200803212851,100000.0,79928.0,85.0,43.0,43.0,7.0,0.0,0.0,1.0