learning evaluation instances,evaluation time (cpu seconds),model cost (RAM-Hours),classified instances,classifications correct (percent),Kappa Statistic (percent),Kappa Temporal Statistic (percent),Kappa M Statistic (percent),model training instances,model serialized size (bytes),tree size (nodes),tree size (leaves),active learning leaves,tree depth,active leaf byte size estimate,inactive leaf byte size estimate,byte size estimate overhead
1000.0,0.071190263,8.663343605895837E-11,1000.0,59.599999999999994,19.199999999999996,59.599999999999994,-Infinity,1000.0,4704.0,1.0,1.0,1.0,0.0,0.0,0.0,1.0
2000.0,0.108108123,1.3155981965363025E-10,2000.0,65.5,31.000000000000007,65.5,31.000000000000007,2000.0,4704.0,1.0,1.0,1.0,0.0,0.0,0.0,1.0
3000.0,0.145414881,2.220502675821384E-10,3000.0,66.60000000000001,33.20000000000001,66.60000000000001,33.20000000000001,3000.0,9376.0,3.0,2.0,2.0,1.0,0.0,0.0,1.0
4000.0,0.182281964,3.505400164094236E-10,4000.0,65.10000000000001,30.200000000000003,65.10000000000001,30.200000000000003,4000.0,13472.0,5.0,3.0,3.0,2.0,0.0,0.0,1.0
5000.0,0.208654088,4.784207190987137E-10,5000.0,70.1,40.19999999999999,70.1,40.19999999999999,5000.0,18744.0,7.0,4.0,4.0,2.0,0.0,0.0,1.0
6000.0,0.231138657,6.104382236322595E-10,6000.0,75.1,50.2,75.1,50.2,6000.0,22696.0,9.0,5.0,5.0,3.0,0.0,0.0,1.0
7000.0,0.247498514,7.070025334362355E-10,7000.0,75.1,50.2,75.1,50.2,7000.0,22816.0,9.0,5.0,5.0,3.0,0.0,0.0,1.0
8000.0,0.270680081,8.716106038085289E-10,8000.0,73.5,47.0,73.5,47.0,8000.0,27448.0,11.0,6.0,6.0,3.0,0.0,0.0,1.0
9000.0,0.293181821,1.0349772161038386E-9,9000.0,75.1,50.2,75.1,50.2,9000.0,28064.0,11.0,6.0,6.0,3.0,0.0,0.0,1.0
10000.0,0.315373916,1.2228722919254668E-9,10000.0,76.4,52.800000000000004,76.4,52.800000000000004,10000.0,32728.0,13.0,7.0,7.0,4.0,0.0,0.0,1.0
11000.0,0.331652556,1.3608680330278973E-9,11000.0,77.10000000000001,54.2,77.10000000000001,54.2,11000.0,32768.0,13.0,7.0,7.0,4.0,0.0,0.0,1.0
12000.0,0.350677352,1.5224188437706067E-9,12000.0,77.7,55.400000000000006,77.7,55.400000000000006,12000.0,32824.0,13.0,7.0,7.0,4.0,0.0,0.0,1.0
13000.0,0.368289361,1.6530188877508045E-9,13000.0,76.1,52.2,76.1,52.2,13000.0,28664.0,15.0,8.0,8.0,5.0,0.0,0.0,1.0
14000.0,0.386358563,1.825489810899728E-9,14000.0,77.2,54.400000000000006,77.2,54.400000000000006,14000.0,36896.0,15.0,8.0,8.0,5.0,0.0,0.0,1.0
15000.0,0.429622467,2.9017512743299207E-9,15000.0,81.10000000000001,62.20000000000001,81.10000000000001,62.20000000000001,15000.0,96160.0,35.0,27.0,27.0,5.0,0.0,0.0,1.0
16000.0,0.456680528,3.744432019007703E-9,16000.0,78.10000000000001,56.2,78.10000000000001,56.2,16000.0,120384.0,35.0,27.0,27.0,5.0,0.0,0.0,1.0
17000.0,0.47865045,4.4493845774854226E-9,17000.0,78.3,56.60000000000001,78.3,56.60000000000001,17000.0,124032.0,39.0,29.0,29.0,5.0,0.0,0.0,1.0
18000.0,0.49607301,5.032331512781481E-9,18000.0,77.8,55.60000000000001,77.8,55.60000000000001,18000.0,129336.0,39.0,29.0,29.0,5.0,0.0,0.0,1.0
19000.0,0.515501791,5.701464730209361E-9,19000.0,76.7,53.462174534821486,76.417004048583,53.118712273641854,19000.0,133128.0,41.0,30.0,30.0,5.0,0.0,0.0,1.0
20000.0,0.535116388,6.410000822066019E-9,20000.0,67.9,35.774823730902526,57.08556149732621,24.292452830188697,20000.0,139632.0,43.0,31.0,31.0,5.0,0.0,0.0,1.0
21000.0,0.551073643,6.98734782728677E-9,21000.0,51.4,2.7739434168357207,43.619489559164734,-23.037974683544295,21000.0,139856.0,43.0,31.0,31.0,5.0,0.0,0.0,1.0
22000.0,0.563854405,7.4501633916484815E-9,22000.0,49.4,-1.200000000000001,49.4,-1.200000000000001,22000.0,139976.0,43.0,31.0,31.0,5.0,0.0,0.0,1.0
23000.0,0.574193276,7.824574861921783E-9,23000.0,52.400000000000006,4.800000000000004,52.400000000000006,4.800000000000004,23000.0,139984.0,43.0,31.0,31.0,5.0,0.0,0.0,1.0
24000.0,0.590295256,8.42372054097346E-9,24000.0,55.300000000000004,10.600000000000009,55.300000000000004,10.600000000000009,24000.0,143832.0,45.0,32.0,32.0,5.0,0.0,0.0,1.0
25000.0,0.61060268,9.203178522162553E-9,25000.0,61.6,23.2,61.6,23.2,25000.0,148368.0,47.0,33.0,33.0,5.0,0.0,0.0,1.0
26000.0,0.636527088,1.0283004900753083E-8,26000.0,80.9,61.80000000000001,80.9,61.80000000000001,26000.0,161008.0,53.0,36.0,36.0,6.0,0.0,0.0,1.0
27000.0,0.652464012,1.0952101063221279E-8,27000.0,80.0,60.00000000000001,80.0,60.00000000000001,27000.0,162288.0,53.0,36.0,36.0,6.0,0.0,0.0,1.0
28000.0,0.671876797,1.1785287767741829E-8,28000.0,81.69999999999999,63.39999999999999,81.69999999999999,63.39999999999999,28000.0,165904.0,55.0,37.0,37.0,6.0,0.0,0.0,1.0
29000.0,0.694036478,1.2787322292340298E-8,29000.0,83.5,67.0,83.5,67.0,29000.0,174792.0,59.0,39.0,39.0,7.0,0.0,0.0,1.0
30000.0,0.713985913,1.3717405012206486E-8,30000.0,83.6,67.19999999999999,83.6,67.19999999999999,30000.0,180216.0,61.0,40.0,40.0,7.0,0.0,0.0,1.0
31000.0,0.730145758,1.4473618775097033E-8,31000.0,84.1,68.19999999999999,84.1,68.19999999999999,31000.0,180888.0,61.0,40.0,40.0,7.0,0.0,0.0,1.0
32000.0,0.749890767,1.5419343204632818E-8,32000.0,87.5,75.0,87.5,75.0,32000.0,185144.0,63.0,41.0,41.0,7.0,0.0,0.0,1.0
33000.0,0.770109089,1.6409161957500297E-8,33000.0,89.2,78.4,89.2,78.4,33000.0,189240.0,65.0,42.0,42.0,7.0,0.0,0.0,1.0
34000.0,0.78953012,1.736388711485184E-8,34000.0,87.7,75.4,87.7,75.4,34000.0,190024.0,69.0,44.0,44.0,7.0,0.0,0.0,1.0
35000.0,0.817382697,1.889784767942503E-8,35000.0,88.0,76.0,88.0,76.0,35000.0,212888.0,87.0,53.0,53.0,7.0,0.0,0.0,1.0
36000.0,0.854379083,2.1622900384128508E-8,36000.0,89.4,78.8,89.4,78.8,36000.0,284720.0,110.0,66.0,66.0,7.0,0.0,0.0,1.0
37000.0,0.875513017,2.3261097546288122E-8,37000.0,90.10000000000001,80.2,90.10000000000001,80.2,37000.0,299632.0,112.0,67.0,67.0,7.0,0.0,0.0,1.0
38000.0,0.898457888,2.5073195219406238E-8,38000.0,90.3,80.60000000000001,90.3,80.60000000000001,38000.0,305280.0,114.0,68.0,68.0,7.0,0.0,0.0,1.0
39000.0,0.921079865,2.689055176862826E-8,39000.0,89.9,79.80000000000001,89.9,79.80000000000001,39000.0,310536.0,116.0,69.0,69.0,7.0,0.0,0.0,1.0
40000.0,0.956676155,2.9803032833350205E-8,40000.0,90.2,80.4,90.2,80.4,40000.0,316272.0,118.0,70.0,70.0,7.0,0.0,0.0,1.0
41000.0,0.978100727,3.156037657195082E-8,41000.0,90.5,81.0,90.5,81.0,41000.0,317064.0,118.0,70.0,70.0,7.0,0.0,0.0,1.0
42000.0,1.000528907,3.340208330870917E-8,42000.0,90.9,81.80000000000001,90.9,81.80000000000001,42000.0,317416.0,118.0,70.0,70.0,7.0,0.0,0.0,1.0
43000.0,1.022468655,3.5204726439759973E-8,43000.0,91.3,82.60000000000001,91.3,82.60000000000001,43000.0,317600.0,118.0,70.0,70.0,7.0,0.0,0.0,1.0
44000.0,1.045329344,3.708336835417691E-8,44000.0,90.5,81.0,90.5,81.0,44000.0,317656.0,118.0,70.0,70.0,7.0,0.0,0.0,1.0
45000.0,1.071748769,3.9277096092556097E-8,45000.0,90.9,81.80000000000001,90.9,81.80000000000001,45000.0,320968.0,120.0,71.0,71.0,7.0,0.0,0.0,1.0
46000.0,1.09372946,4.111148984857319E-8,46000.0,91.4,82.80000000000001,91.4,82.80000000000001,46000.0,322592.0,120.0,71.0,71.0,7.0,0.0,0.0,1.0
47000.0,1.11293662,4.2715015450811234E-8,47000.0,91.60000000000001,83.2,91.60000000000001,83.2,47000.0,322712.0,120.0,71.0,71.0,7.0,0.0,0.0,1.0
48000.0,1.128118936,4.3983623379713145E-8,48000.0,92.0,84.00000000000001,92.0,84.00000000000001,48000.0,322992.0,120.0,71.0,71.0,7.0,0.0,0.0,1.0
49000.0,1.142136621,4.51551778668186E-8,49000.0,90.7,81.4,90.7,81.4,49000.0,323064.0,120.0,71.0,71.0,7.0,0.0,0.0,1.0
50000.0,1.155051199,4.623461828815649E-8,50000.0,92.60000000000001,85.2,92.60000000000001,85.2,50000.0,323088.0,120.0,71.0,71.0,7.0,0.0,0.0,1.0
51000.0,1.170373338,4.753035273688536E-8,51000.0,89.5,79.0,89.5,79.0,51000.0,326888.0,122.0,72.0,72.0,7.0,0.0,0.0,1.0
52000.0,1.183427688,4.863506546560676E-8,52000.0,92.0,84.00000000000001,92.0,84.00000000000001,52000.0,327112.0,122.0,72.0,72.0,7.0,0.0,0.0,1.0
53000.0,1.196361607,4.97298277413514E-8,53000.0,90.2,80.4,90.2,80.4,53000.0,327184.0,122.0,72.0,72.0,7.0,0.0,0.0,1.0
54000.0,1.209309966,5.082597304617366E-8,54000.0,91.0,82.0,91.0,82.0,54000.0,327232.0,122.0,72.0,72.0,7.0,0.0,0.0,1.0
55000.0,1.225902427,5.224506743904825E-8,55000.0,91.5,83.0,91.5,83.0,55000.0,330600.0,124.0,73.0,73.0,7.0,0.0,0.0,1.0
56000.0,1.239244853,5.338813080436448E-8,56000.0,90.4,80.80000000000001,90.4,80.80000000000001,56000.0,331160.0,124.0,73.0,73.0,7.0,0.0,0.0,1.0
57000.0,1.252247298,5.4502121365500834E-8,57000.0,92.0,84.00000000000001,92.0,84.00000000000001,57000.0,331176.0,124.0,73.0,73.0,7.0,0.0,0.0,1.0
58000.0,1.270593516,5.609250923460558E-8,58000.0,93.60000000000001,87.20000000000002,93.60000000000001,87.20000000000002,58000.0,335088.0,126.0,74.0,74.0,7.0,0.0,0.0,1.0
59000.0,1.285442776,5.739478254222209E-8,59000.0,90.9,81.80000000000001,90.9,81.80000000000001,59000.0,339000.0,128.0,75.0,75.0,7.0,0.0,0.0,1.0
60000.0,1.300222341,5.870614580275285E-8,60000.0,92.9,85.80000000000001,92.9,85.80000000000001,60000.0,342976.0,130.0,76.0,76.0,7.0,0.0,0.0,1.0
61000.0,1.315639368,6.00744208574647E-8,61000.0,91.4,82.80000000000001,91.4,82.80000000000001,61000.0,343064.0,130.0,76.0,76.0,7.0,0.0,0.0,1.0
62000.0,1.336456387,6.192828327795493E-8,62000.0,91.7,83.4,91.7,83.4,62000.0,344240.0,130.0,76.0,76.0,7.0,0.0,0.0,1.0
63000.0,1.353356994,6.343350901261181E-8,63000.0,90.8,81.60000000000001,90.8,81.60000000000001,63000.0,344272.0,130.0,76.0,76.0,7.0,0.0,0.0,1.0
64000.0,1.369459682,6.486790264164617E-8,64000.0,93.30000000000001,86.60000000000001,93.30000000000001,86.60000000000001,64000.0,344328.0,130.0,76.0,76.0,7.0,0.0,0.0,1.0
65000.0,1.382597472,6.604041896727973E-8,65000.0,91.2,82.4,91.2,82.4,65000.0,344984.0,130.0,76.0,76.0,7.0,0.0,0.0,1.0
66000.0,1.395584374,6.719946889990942E-8,66000.0,92.2,84.4,92.2,84.4,66000.0,344984.0,130.0,76.0,76.0,7.0,0.0,0.0,1.0
67000.0,1.407953589,6.830357094137827E-8,67000.0,91.60000000000001,83.2,91.60000000000001,83.2,67000.0,345040.0,130.0,76.0,76.0,7.0,0.0,0.0,1.0
68000.0,1.423663097,6.970596458309849E-8,68000.0,90.7,81.4,90.7,81.4,68000.0,345072.0,130.0,76.0,76.0,7.0,0.0,0.0,1.0
69000.0,1.437369323,7.092955285956671E-8,69000.0,92.60000000000001,85.2,92.60000000000001,85.2,69000.0,345080.0,130.0,76.0,76.0,7.0,0.0,0.0,1.0
70000.0,1.450137196,7.206937207152448E-8,70000.0,93.30000000000001,86.60000000000001,93.30000000000001,86.60000000000001,70000.0,345080.0,130.0,76.0,76.0,7.0,0.0,0.0,1.0
71000.0,1.463077447,7.32246066698432E-8,71000.0,93.5,87.00000000000001,93.5,87.00000000000001,71000.0,345088.0,130.0,76.0,76.0,7.0,0.0,0.0,1.0
72000.0,1.47761564,7.453492324027131E-8,72000.0,90.8,81.60000000000001,90.8,81.60000000000001,72000.0,348392.0,132.0,77.0,77.0,7.0,0.0,0.0,1.0
73000.0,1.490528563,7.570121409767205E-8,73000.0,90.8,81.60000000000001,90.8,81.60000000000001,73000.0,349128.0,132.0,77.0,77.0,7.0,0.0,0.0,1.0
74000.0,1.505398624,7.705898352830568E-8,74000.0,91.8,83.60000000000001,91.8,83.60000000000001,74000.0,352952.0,134.0,78.0,78.0,7.0,0.0,0.0,1.0
75000.0,1.519382921,7.833839274395051E-8,75000.0,92.0,84.00000000000001,92.0,84.00000000000001,75000.0,353648.0,134.0,78.0,78.0,7.0,0.0,0.0,1.0
76000.0,1.534294604,7.970292532029666E-8,76000.0,92.10000000000001,84.2,92.10000000000001,84.2,76000.0,353720.0,134.0,78.0,78.0,7.0,0.0,0.0,1.0
77000.0,1.549334364,8.110809431853808E-8,77000.0,91.60000000000001,83.2,91.60000000000001,83.2,77000.0,361152.0,139.0,82.0,82.0,7.0,0.0,0.0,1.0
78000.0,1.564826516,8.255854431708241E-8,78000.0,91.10000000000001,82.2,91.10000000000001,82.2,78000.0,361904.0,141.0,83.0,83.0,7.0,0.0,0.0,1.0
79000.0,1.58126547,8.41444529687572E-8,79000.0,93.5,87.00000000000001,93.5,87.00000000000001,79000.0,372912.0,143.0,84.0,84.0,7.0,0.0,0.0,1.0
80000.0,1.595678367,8.554933987449441E-8,80000.0,93.8,87.6,93.8,87.6,80000.0,376784.0,143.0,84.0,84.0,7.0,0.0,0.0,1.0
81000.0,1.608805648,8.683298751745787E-8,81000.0,92.80000000000001,85.60000000000001,92.80000000000001,85.60000000000001,81000.0,377984.0,143.0,84.0,84.0,7.0,0.0,0.0,1.0
82000.0,1.623281003,8.825306978878461E-8,82000.0,92.10000000000001,84.2,92.10000000000001,84.2,82000.0,379216.0,143.0,84.0,84.0,7.0,0.0,0.0,1.0
83000.0,1.643239855,9.020899538142398E-8,83000.0,92.9,85.80000000000001,92.9,85.80000000000001,83000.0,378808.0,145.0,85.0,85.0,7.0,0.0,0.0,1.0
84000.0,1.658114561,9.168592582556521E-8,84000.0,94.39999999999999,88.79999999999998,94.39999999999999,88.79999999999998,84000.0,383808.0,145.0,85.0,85.0,7.0,0.0,0.0,1.0
85000.0,1.672022968,9.306915630888607E-8,85000.0,93.0,86.00000000000001,93.0,86.00000000000001,85000.0,384432.0,145.0,85.0,85.0,7.0,0.0,0.0,1.0
86000.0,1.685773958,9.443889411923785E-8,86000.0,92.10000000000001,84.2,92.10000000000001,84.2,86000.0,385040.0,145.0,85.0,85.0,7.0,0.0,0.0,1.0
87000.0,1.699646395,9.582078670119244E-8,87000.0,93.8,87.6,93.8,87.6,87000.0,385056.0,145.0,85.0,85.0,7.0,0.0,0.0,1.0
88000.0,1.714003149,9.72510430152383E-8,88000.0,92.5,85.00000000000001,92.5,85.00000000000001,88000.0,385088.0,145.0,85.0,85.0,7.0,0.0,0.0,1.0
89000.0,1.730319476,9.889262448031661E-8,89000.0,93.5,87.00000000000001,93.5,87.00000000000001,89000.0,388904.0,147.0,86.0,86.0,7.0,0.0,0.0,1.0
90000.0,1.74526375,1.0041447386871815E-7,90000.0,92.0,84.00000000000001,92.0,84.00000000000001,90000.0,393640.0,149.0,87.0,87.0,8.0,0.0,0.0,1.0
91000.0,1.759032325,1.0181725140580078E-7,91000.0,93.30000000000001,86.60000000000001,93.30000000000001,86.60000000000001,91000.0,393824.0,149.0,87.0,87.0,8.0,0.0,0.0,1.0
92000.0,1.774999996,1.0346089926472967E-7,92000.0,92.2,84.4,92.2,84.4,92000.0,397896.0,151.0,88.0,88.0,8.0,0.0,0.0,1.0
93000.0,1.793407666,1.0540885559505885E-7,93000.0,91.7,83.4,91.7,83.4,93000.0,409056.0,157.0,91.0,91.0,8.0,0.0,0.0,1.0
94000.0,1.807957219,1.0695217763484558E-7,94000.0,91.0,82.0,91.0,82.0,94000.0,410024.0,157.0,91.0,91.0,8.0,0.0,0.0,1.0
95000.0,1.825925678,1.0885837813294181E-7,95000.0,92.2,84.4,92.2,84.4,95000.0,410072.0,161.0,93.0,93.0,8.0,0.0,0.0,1.0
96000.0,1.850062944,1.1156187241901125E-7,96000.0,91.5,83.0,91.5,83.0,96000.0,432952.0,168.0,98.0,98.0,8.0,0.0,0.0,1.0
97000.0,1.876849262,1.1463059402983635E-7,97000.0,91.0,82.0,91.0,82.0,97000.0,442840.0,170.0,99.0,99.0,8.0,0.0,0.0,1.0
98000.0,1.900599321,1.1735648625814459E-7,98000.0,93.10000000000001,86.20000000000002,93.10000000000001,86.20000000000002,98000.0,443656.0,170.0,99.0,99.0,8.0,0.0,0.0,1.0
99000.0,1.917018063,1.192488843918571E-7,99000.0,91.60000000000001,83.2,91.60000000000001,83.2,99000.0,445528.0,170.0,99.0,99.0,8.0,0.0,0.0,1.0
100000.0,1.934529197,1.2127037911361496E-7,100000.0,89.9,79.80000000000001,89.9,79.80000000000001,100000.0,446232.0,170.0,99.0,99.0,8.0,0.0,0.0,1.0