evaluation instances,classified instances,classifications correct (percent),Kappa Statistic (percent),Kappa Temporal Statistic (percent)
1000.0,1000.0,44.3,-11.399999999999999,44.3
2000.0,2000.0,53.05,6.099999999999994,53.05
3000.0,3000.0,58.199999999999996,16.39999999999999,58.199999999999996
4000.0,4000.0,59.975,19.950000000000003,59.975
5000.0,5000.0,61.18,22.360000000000003,61.18
6000.0,6000.0,62.35000000000001,24.70000000000001,62.35000000000001
7000.0,7000.0,63.15714285714286,26.314285714285713,63.15714285714286
8000.0,8000.0,63.712500000000006,27.42500000000001,63.712500000000006
9000.0,9000.0,64.5,29.000000000000004,64.5
10000.0,10000.0,65.24,30.479999999999997,65.24
11000.0,11000.0,65.88181818181819,31.763636363636373,65.88181818181819
12000.0,12000.0,66.44166666666666,32.88333333333333,66.44166666666666
13000.0,13000.0,66.93846153846154,33.87692307692307,66.93846153846154
14000.0,14000.0,67.34285714285714,34.685714285714276,67.34285714285714
15000.0,15000.0,67.84666666666666,35.693333333333335,67.84666666666666
16000.0,16000.0,68.21875,36.437499999999986,68.21875
17000.0,17000.0,68.60000000000001,37.20000000000001,68.60000000000001
18000.0,18000.0,68.8,37.59999999999999,68.8
19000.0,19000.0,69.03684210526316,38.079237525224066,69.01727406783232
20000.0,20000.0,68.8,37.602631297038194,68.38265099310902
21000.0,21000.0,67.8047619047619,35.6095238095238,67.17642489562094
22000.0,22000.0,66.71363636363637,33.42727272727273,66.09408278544309
23000.0,23000.0,65.7304347826087,31.460869565217386,65.12080715107531
24000.0,24000.0,64.75416666666666,29.508333333333336,64.15374184252903
25000.0,25000.0,63.968,27.936000000000007,63.379136515163836
26000.0,26000.0,63.3,26.6,62.723650285178536
27000.0,27000.0,62.64074074074074,25.28148148148148,62.07609594706369
28000.0,28000.0,62.1,24.2,61.5479382563954
29000.0,29000.0,61.63793103448276,23.275862068965523,61.09867822924681
30000.0,30000.0,61.196666666666665,22.39333333333333,60.66963984052977
31000.0,31000.0,60.967741935483865,21.93548387096773,60.454931694882006
32000.0,32000.0,61.040625000000006,22.081250000000008,60.54497120070891
33000.0,33000.0,61.25454545454545,22.5090909090909,60.77673476900423
34000.0,34000.0,61.514705882352935,23.029411764705877,61.05422941841776
35000.0,35000.0,61.825714285714284,23.651428571428568,61.38216081854442
36000.0,36000.0,62.09166666666667,24.183333333333334,61.663576605427274
37000.0,37000.0,62.57297297297298,25.145945945945947,62.161866768675885
38000.0,38000.0,63.03421052631579,26.068421052631585,62.63897015798713
39000.0,39000.0,63.63333333333333,27.266666666666662,63.25457277579149
40000.0,40000.0,64.2475,28.495000000000005,63.8845396232133
41000.0,41000.0,64.85609756097561,29.712195121951225,64.50810384748017
42000.0,42000.0,65.43333333333334,30.866666666666664,65.09928361940479
43000.0,43000.0,65.9953488372093,31.9906976744186,65.67444480961548
44000.0,44000.0,66.52727272727273,33.05454545454545,66.21863388228817
45000.0,45000.0,67.04666666666667,34.093333333333334,66.74963002825238
46000.0,46000.0,67.52173913043478,35.04347826086958,67.23540506162551
47000.0,47000.0,67.99361702127659,35.9872340425532,67.71749860509036
48000.0,48000.0,68.43125,36.8625,68.16462876591454
49000.0,49000.0,68.86122448979592,37.722448979591825,68.60364624058603
50000.0,50000.0,69.262,38.524,69.01286342191217
51000.0,51000.0,69.62156862745098,39.24313725490196,69.38021265662675
52000.0,52000.0,69.99807692307692,39.996153846153845,69.76433195085082
53000.0,53000.0,70.31320754716981,40.62641509433962,70.08631506901402
54000.0,54000.0,70.6351851851852,41.27037037037038,70.41494085600209
55000.0,55000.0,70.96000000000001,41.92,70.74618117879777
56000.0,56000.0,71.27142857142857,42.54285714285715,71.0637073276017
57000.0,57000.0,71.60350877192982,43.20701754385965,71.40181631859784
58000.0,58000.0,71.92758620689655,43.855172413793106,71.73165734921352
59000.0,59000.0,72.2271186440678,44.4542372881356,72.03658827946346
60000.0,60000.0,72.49833333333333,44.99666666666666,72.31282928957347
61000.0,61000.0,72.7655737704918,45.531147540983596,72.58490379220436
62000.0,62000.0,73.03709677419354,46.074193548387086,72.86113185493035
63000.0,63000.0,73.26190476190476,46.523809523809526,73.09019457490655
64000.0,64000.0,73.51875,47.0375,73.35136325041668
65000.0,65000.0,73.74000000000001,47.48000000000001,73.57658131830708
66000.0,66000.0,73.99545454545454,47.990909090909085,73.83609256379768
67000.0,67000.0,74.20149253731343,48.402985074626855,74.04576714015435
68000.0,68000.0,74.40735294117647,48.814705882352946,74.25515547797272
69000.0,69000.0,74.6072463768116,49.2144927536232,74.45843902154581
70000.0,70000.0,74.81285714285715,49.625714285714295,74.66737549929596
71000.0,71000.0,75.02112676056339,50.04225352112677,74.87889175330747
72000.0,72000.0,75.22222222222223,50.44444444444445,75.0831028799687
73000.0,73000.0,75.40821917808219,50.81643835616438,75.27204606187499
74000.0,74000.0,75.58378378378379,51.16756756756757,75.45041984836544
75000.0,75000.0,75.75466666666667,51.50933333333334,75.62401136759699
76000.0,76000.0,75.90789473684211,51.81578947368421,75.77978253392948
77000.0,77000.0,76.07922077922078,52.15844155844156,75.95368025274811
78000.0,78000.0,76.23589743589744,52.47179487179488,76.11278641202092
79000.0,79000.0,76.4113924050633,52.82278481012659,76.29074531158554
80000.0,80000.0,76.5925,53.184999999999995,76.47428327344909
81000.0,81000.0,76.75185185185185,53.5037037037037,76.635896672374
82000.0,82000.0,76.91219512195121,53.82439024390244,76.79845094242506
83000.0,83000.0,77.06144578313253,54.12289156626506,76.94980508002615
84000.0,84000.0,77.22142857142858,54.44285714285715,77.11189262901027
85000.0,85000.0,77.37647058823529,54.752941176470586,77.26896616941299
86000.0,86000.0,77.49651162790697,54.993023255813945,77.3908268884787
87000.0,87000.0,77.65172413793103,55.30344827586207,77.5479803228712
88000.0,88000.0,77.78977272727273,55.57954545454547,77.68784675449211
89000.0,89000.0,77.93370786516854,55.867415730337086,77.8335854082485
90000.0,90000.0,78.07333333333332,56.146666666666654,77.97495479809817
91000.0,91000.0,78.20769230769231,56.415384615384625,78.11099582772248
92000.0,92000.0,78.33478260869565,56.6695652173913,78.23969955675888
93000.0,93000.0,78.45591397849464,56.91182795698926,78.36238363679561
94000.0,94000.0,78.58191489361703,57.16382978723404,78.4899249983974
95000.0,95000.0,78.68842105263157,57.37684210526315,78.59785619146281
96000.0,96000.0,78.80208333333333,57.60416666666666,78.71294378543485
97000.0,97000.0,78.91030927835051,57.82061855670102,78.8225429097911
98000.0,98000.0,79.04489795918367,58.08979591836734,78.95858521691018
99000.0,99000.0,79.15050505050505,58.3010101010101,79.06549828596928
100000.0,100000.0,79.244,58.48800000000001,79.16022410088557
# COMPLETED
